-20 526923.4
-19 495546.3
-18 466262.0
-17 438916.9
-16 413369.8
-15 389490.6
-14 367159.3
-13 346265.5
-12 326707.4
-11 308390.7
-10 291228.6
-9 275140.8
-8 260053.2
-7 245897.1
-6 232609.0
-5 220130.2
-4 208406.3
-3 197386.7
-2 187024.7
-1 177276.9
0 168103.0
1 159465.7
2 151330.2
3 143664.2
4 136437.7
5 129622.8
6 123193.5
7 117125.7
8 111396.7
9 105985.6
10 100872.9
11 96040.2
12 91470.5
13 87147.9
14 83057.6
15 79185.7
16 75519.3
17 72046.1
18 68754.9
19 65635.1
20 62676.6
21 59870.3
22 57207.4
23 54679.8
24 52279.7
25 50000.0
26 47834.0
27 45775.3
28 43818.0
29 41956.6
30 40185.7
31 38500.5
32 36896.3
33 35368.8
34 33913.9
35 32527.7
36 31206.5
37 29947.1
38 28746.0
39 27600.4
40 26507.3
41 25464.1
42 24468.1
43 23517.1
44 22608.6
45 21740.7
46 20911.2
47 20118.2
48 19360.0
49 18634.7
50 17940.9
51 17277.0
52 16641.5
53 16033.0
54 15450.3
55 14892.2
56 14357.4
57 13844.9
58 13353.6
59 12882.6
60 12430.8
61 11997.5
62 11581.7
63 11182.7
64 10799.6
65 10431.9
66 10078.7
67 9739.4
68 9413.5
69 9100.3
70 8799.2
71 8509.7
72 8231.4
73 7963.7
74 7706.2
75 7458.4
76 7219.9
77 6990.4
78 6769.4
79 6556.6
80 6351.6
81 6154.1
82 5963.9
83 5780.5
84 5603.8
85 5433.4
86 5269.0
87 5110.6
88 4957.7
89 4810.2
90 4667.9
91 4530.5
92 4397.9
93 4269.9
94 4146.2
95 4026.8
96 3911.5
97 3800.0
98 3692.3
99 3588.2
100 3487.6
101 3390.3
102 3296.2
103 3205.2
104 3117.2
105 3032.1
106 2949.7
107 2869.9
108 2792.8
109 2718.0
110 2645.7
111 2575.6
112 2507.8
113 2442.1
114 2378.4
115 2316.7
116 2256.9
117 2198.9
118 2142.7
119 2088.3
120 2035.4
121 1984.2
122 1934.5
123 1886.3
124 1839.6
125 1794.2
126 1750.1
127 1707.4
128 1665.9
129 1625.6
130 1586.5
131 1548.5
132 1511.5
133 1475.7
134 1440.9
135 1407.0
136 1374.1
137 1342.2
138 1311.1
139 1280.9
140 1251.5
141 1222.9
142 1195.2
143 1168.2
144 1141.9
145 1116.3
146 1091.4
147 1067.2
148 1043.7
149 1020.7
