rtd library version 1.0
Copyright (C) 2018 - billnie

Calculate rtd and t
using temperature-resstance data points from a file for the thermistor as input.
Usage: ./rtd [-s -40 -e 150 [-s AD_STEP (default=32)] -v 1 filename
 v = 0, 1,2
start=-40 end=450 step = 5
,1307	// 84.27,  -40,  0
,1338	// 86.25,  -35,  1
,1368	// 88.22,  -30,  2
,1399	// 90.19,  -25,  3
,1429	// 92.16,  -20,  4
,1460	// 94.12,  -15,  5
,1490	// 96.09,  -10,  6
,1521	// 98.04,  -5,  7
,1551	// 100.00,  0,  8
,1581	// 101.95,  5,  9
,1612	// 103.90,  10,  10
,1642	// 105.85,  15,  11
,1672	// 107.79,  20,  12
,1702	// 109.73,  25,  13
,1732	// 111.67,  30,  14
,1762	// 113.61,  35,  15
,1792	// 115.54,  40,  16
,1822	// 117.47,  45,  17
,1852	// 119.40,  50,  18
,1882	// 121.32,  55,  19
,1912	// 123.24,  60,  20
,1941	// 125.16,  65,  21
,1971	// 127.08,  70,  22
,2001	// 128.99,  75,  23
,2030	// 130.90,  80,  24
,2060	// 132.80,  85,  25
,2089	// 134.71,  90,  26
,2119	// 136.61,  95,  27
,2148	// 138.51,  100,  28
,2178	// 140.40,  105,  29
,2207	// 142.29,  110,  30
,2237	// 144.18,  115,  31
,2266	// 146.07,  120,  32
,2295	// 147.95,  125,  33
,2324	// 149.83,  130,  34
,2353	// 151.71,  135,  35
,2382	// 153.58,  140,  36
,2411	// 155.46,  145,  37
,2440	// 157.33,  150,  38
,2469	// 159.19,  155,  39
,2498	// 161.05,  160,  40
,2527	// 162.91,  165,  41
,2556	// 164.77,  170,  42
,2585	// 166.63,  175,  43
,2613	// 168.48,  180,  44
,2642	// 170.33,  185,  45
,2671	// 172.17,  190,  46
,2699	// 174.02,  195,  47
,2728	// 175.86,  200,  48
,2756	// 177.69,  205,  49
,2785	// 179.53,  210,  50
,2813	// 181.36,  215,  51
,2842	// 183.19,  220,  52
,2870	// 185.01,  225,  53
,2898	// 186.84,  230,  54
,2927	// 188.66,  235,  55
,2955	// 190.47,  240,  56
,2983	// 192.29,  245,  57
,3011	// 194.10,  250,  58
,3039	// 195.91,  255,  59
,3067	// 197.71,  260,  60
,3095	// 199.51,  265,  61
,3123	// 201.31,  270,  62
,3151	// 203.11,  275,  63
,3179	// 204.90,  280,  64
,3206	// 206.70,  285,  65
,3234	// 208.48,  290,  66
,3262	// 210.27,  295,  67
,3290	// 212.05,  300,  68
,3317	// 213.83,  305,  69
,3345	// 215.61,  310,  70
,3372	// 217.38,  315,  71
,3400	// 219.15,  320,  72
,3427	// 220.92,  325,  73
,3454	// 222.68,  330,  74
,3482	// 224.45,  335,  75
,3509	// 226.21,  340,  76
,3536	// 227.96,  345,  77
,3564	// 229.72,  350,  78
,3591	// 231.47,  355,  79
,3618	// 233.21,  360,  80
,3645	// 234.96,  365,  81
,3672	// 236.70,  370,  82
,3699	// 238.44,  375,  83
,3726	// 240.18,  380,  84
,3753	// 241.91,  385,  85
,3780	// 243.64,  390,  86
,3806	// 245.37,  395,  87
,3833	// 247.09,  400,  88
,3860	// 248.81,  405,  89
,3887	// 250.53,  410,  90
,3913	// 252.25,  415,  91
,3940	// 253.96,  420,  92
,3966	// 255.67,  425,  93
,3993	// 257.38,  430,  94
,4019	// 259.08,  435,  95
,4046	// 260.78,  440,  96
,4072	// 262.48,  445,  97
