rtd library version 1.0
Copyright (C) 2018 - billnie

Calculate rtd and t
using temperature-resstance data points from a file for the thermistor as input.
Usage: ./rtd [-s -40 -e 150 [-s AD_STEP (default=32)] -v 1 filename
 v = 0, 1,2
start=-10 end=600 step = 1
-10 96.0  31.4, 38
-9 96.0  31.4, 38
-8 96.0  31.4, 38
-7 97.0  31.7, 39
-6 97.0  31.7, 39
-5 98.0  32.0, 39
-4 98.0  32.0, 39
-3 98.0  32.0, 39
-2 99.0  32.3, 40
-1 99.0  32.3, 40
0 100.0  32.7, 40
1 100.0  32.7, 40
2 100.0  32.7, 40
3 101.0  33.0, 40
4 101.0  33.0, 40
5 101.0  33.0, 40
6 102.0  33.3, 41
7 102.0  33.3, 41
8 103.0  33.6, 41
9 103.0  33.6, 41
10 103.0  33.6, 41
11 104.0  34.0, 42
12 104.0  34.0, 42
13 105.0  34.3, 42
14 105.0  34.3, 42
15 105.0  34.3, 42
16 106.0  34.6, 42
17 106.0  34.6, 42
18 107.0  34.9, 43
19 107.0  34.9, 43
20 107.0  34.9, 43
21 108.0  35.3, 43
22 108.0  35.3, 43
23 108.0  35.3, 43
24 109.0  35.6, 44
25 109.0  35.6, 44
26 110.0  35.9, 44
27 110.0  35.9, 44
28 110.0  35.9, 44
29 111.0  36.2, 44
30 111.0  36.2, 44
31 112.0  36.6, 45
32 112.0  36.6, 45
33 112.0  36.6, 45
34 113.0  36.9, 45
35 113.0  36.9, 45
36 113.0  36.9, 45
37 114.0  37.2, 46
38 114.0  37.2, 46
39 115.0  37.5, 46
40 115.0  37.5, 46
41 115.0  37.5, 46
42 116.0  37.8, 46
43 116.0  37.8, 46
44 117.0  38.2, 47
45 117.0  38.2, 47
46 117.0  38.2, 47
47 118.0  38.5, 47
48 118.0  38.5, 47
49 119.0  38.8, 48
50 119.0  38.8, 48
51 119.0  38.8, 48
52 120.0  39.1, 48
53 120.0  39.1, 48
54 120.0  39.1, 48
55 121.0  39.5, 48
56 121.0  39.5, 48
57 122.0  39.8, 49
58 122.0  39.8, 49
59 122.0  39.8, 49
60 123.0  40.1, 49
61 123.0  40.1, 49
62 124.0  40.4, 50
63 124.0  40.4, 50
64 124.0  40.4, 50
65 125.0  40.7, 50
66 125.0  40.7, 50
67 125.0  40.7, 50
68 126.0  41.1, 50
69 126.0  41.1, 50
70 127.0  41.4, 51
71 127.0  41.4, 51
72 127.0  41.4, 51
73 128.0  41.7, 51
74 128.0  41.7, 51
75 128.0  41.7, 51
76 129.0  42.0, 52
77 129.0  42.0, 52
78 130.0  42.3, 52
79 130.0  42.3, 52
80 130.0  42.3, 52
81 131.0  42.7, 52
82 131.0  42.7, 52
83 132.0  43.0, 53
84 132.0  43.0, 53
85 132.0  43.0, 53
86 133.0  43.3, 53
87 133.0  43.3, 53
88 133.0  43.3, 53
89 134.0  43.6, 54
90 134.0  43.6, 54
91 135.0  44.0, 54
92 135.0  44.0, 54
93 135.0  44.0, 54
94 136.0  44.3, 54
95 136.0  44.3, 54
96 136.0  44.3, 54
97 137.0  44.6, 55
98 137.0  44.6, 55
99 138.0  44.9, 55
100 138.0  44.9, 55
101 138.0  44.9, 55
102 139.0  45.2, 56
103 139.0  45.2, 56
104 140.0  45.6, 56
105 140.0  45.6, 56
106 140.0  45.6, 56
107 141.0  45.9, 56
108 141.0  45.9, 56
109 141.0  45.9, 56
110 142.0  46.2, 57
111 142.0  46.2, 57
112 143.0  46.5, 57
113 143.0  46.5, 57
114 143.0  46.5, 57
115 144.0  46.8, 58
116 144.0  46.8, 58
117 144.0  46.8, 58
118 145.0  47.2, 58
119 145.0  47.2, 58
120 146.0  47.5, 58
121 146.0  47.5, 58
122 146.0  47.5, 58
123 147.0  47.8, 59
124 147.0  47.8, 59
125 147.0  47.8, 59
126 148.0  48.1, 59
127 148.0  48.1, 59
128 149.0  48.4, 60
129 149.0  48.4, 60
130 149.0  48.4, 60
131 150.0  48.8, 60
132 150.0  48.8, 60
133 150.0  48.8, 60
134 151.0  49.1, 60
135 151.0  49.1, 60
136 152.0  49.4, 61
137 152.0  49.4, 61
138 152.0  49.4, 61
139 153.0  49.7, 61
140 153.0  49.7, 61
141 153.0  49.7, 61
142 154.0  50.0, 62
143 154.0  50.0, 62
144 155.0  50.4, 62
145 155.0  50.4, 62
146 155.0  50.4, 62
147 156.0  50.7, 62
148 156.0  50.7, 62
149 156.0  50.7, 62
150 157.0  51.0, 63
151 157.0  51.0, 63
152 158.0  51.3, 63
153 158.0  51.3, 63
154 158.0  51.3, 63
155 159.0  51.6, 64
156 159.0  51.6, 64
157 159.0  51.6, 64
158 160.0  52.0, 64
159 160.0  52.0, 64
160 161.0  52.3, 64
161 161.0  52.3, 64
162 161.0  52.3, 64
163 162.0  52.6, 65
164 162.0  52.6, 65
165 162.0  52.6, 65
166 163.0  52.9, 65
167 163.0  52.9, 65
168 164.0  53.2, 66
169 164.0  53.2, 66
170 164.0  53.2, 66
171 165.0  53.6, 66
172 165.0  53.6, 66
173 165.0  53.6, 66
174 166.0  53.9, 66
175 166.0  53.9, 66
176 166.0  53.9, 66
177 167.0  54.2, 67
178 167.0  54.2, 67
179 168.0  54.5, 67
180 168.0  54.5, 67
181 168.0  54.5, 67
182 169.0  54.8, 68
183 169.0  54.8, 68
184 169.0  54.8, 68
185 170.0  55.2, 68
186 170.0  55.2, 68
187 171.0  55.5, 68
188 171.0  55.5, 68
189 171.0  55.5, 68
190 172.0  55.8, 69
191 172.0  55.8, 69
192 172.0  55.8, 69
193 173.0  56.1, 69
194 173.0  56.1, 69
195 174.0  56.4, 70
196 174.0  56.4, 70
197 174.0  56.4, 70
198 175.0  56.8, 70
199 175.0  56.8, 70
200 175.0  56.8, 70
201 176.0  57.1, 70
202 176.0  57.1, 70
203 176.0  57.1, 70
204 177.0  57.4, 71
205 177.0  57.4, 71
206 178.0  57.7, 71
207 178.0  57.7, 71
208 178.0  57.7, 71
209 179.0  58.0, 72
210 179.0  58.0, 72
211 179.0  58.0, 72
212 180.0  58.3, 72
213 180.0  58.3, 72
214 180.0  58.3, 72
215 181.0  58.7, 72
216 181.0  58.7, 72
217 182.0  59.0, 73
218 182.0  59.0, 73
219 182.0  59.0, 73
220 183.0  59.3, 73
221 183.0  59.3, 73
222 183.0  59.3, 73
223 184.0  59.6, 74
224 184.0  59.6, 74
225 185.0  59.9, 74
226 185.0  59.9, 74
227 185.0  59.9, 74
228 186.0  60.3, 74
229 186.0  60.3, 74
230 186.0  60.3, 74
231 187.0  60.6, 75
232 187.0  60.6, 75
233 187.0  60.6, 75
234 188.0  60.9, 75
235 188.0  60.9, 75
236 189.0  61.2, 75
237 189.0  61.2, 75
238 189.0  61.2, 75
239 190.0  61.5, 76
240 190.0  61.5, 76
241 190.0  61.5, 76
242 191.0  61.8, 76
243 191.0  61.8, 76
244 191.0  61.8, 76
245 192.0  62.2, 77
246 192.0  62.2, 77
247 193.0  62.5, 77
248 193.0  62.5, 77
249 193.0  62.5, 77
250 194.0  62.8, 77
251 194.0  62.8, 77
252 194.0  62.8, 77
253 195.0  63.1, 78
254 195.0  63.1, 78
255 195.0  63.1, 78
256 196.0  63.4, 78
257 196.0  63.4, 78
258 196.0  63.4, 78
259 197.0  63.8, 79
260 197.0  63.8, 79
261 198.0  64.1, 79
262 198.0  64.1, 79
263 198.0  64.1, 79
264 199.0  64.4, 79
265 199.0  64.4, 79
266 199.0  64.4, 79
267 200.0  64.7, 80
268 200.0  64.7, 80
269 200.0  64.7, 80
270 201.0  65.0, 80
271 201.0  65.0, 80
272 202.0  65.3, 81
273 202.0  65.3, 81
274 202.0  65.3, 81
275 203.0  65.7, 81
276 203.0  65.7, 81
277 203.0  65.7, 81
278 204.0  66.0, 81
279 204.0  66.0, 81
280 204.0  66.0, 81
281 205.0  66.3, 82
282 205.0  66.3, 82
283 205.0  66.3, 82
284 206.0  66.6, 82
285 206.0  66.6, 82
286 207.0  66.9, 83
287 207.0  66.9, 83
288 207.0  66.9, 83
289 208.0  67.2, 83
290 208.0  67.2, 83
291 208.0  67.2, 83
292 209.0  67.6, 83
293 209.0  67.6, 83
294 209.0  67.6, 83
295 210.0  67.9, 84
296 210.0  67.9, 84
297 210.0  67.9, 84
298 211.0  68.2, 84
299 211.0  68.2, 84
300 212.0  68.5, 85
301 212.0  68.5, 85
302 212.0  68.5, 85
303 213.0  68.8, 85
304 213.0  68.8, 85
305 213.0  68.8, 85
306 214.0  69.1, 85
307 214.0  69.1, 85
308 214.0  69.1, 85
309 215.0  69.5, 86
310 215.0  69.5, 86
311 215.0  69.5, 86
312 216.0  69.8, 86
313 216.0  69.8, 86
314 217.0  70.1, 86
315 217.0  70.1, 86
316 217.0  70.1, 86
317 218.0  70.4, 87
318 218.0  70.4, 87
319 218.0  70.4, 87
320 219.0  70.7, 87
321 219.0  70.7, 87
322 219.0  70.7, 87
323 220.0  71.0, 88
324 220.0  71.0, 88
325 220.0  71.0, 88
326 221.0  71.4, 88
327 221.0  71.4, 88
328 221.0  71.4, 88
329 222.0  71.7, 88
330 222.0  71.7, 88
331 223.0  72.0, 89
332 223.0  72.0, 89
333 223.0  72.0, 89
334 224.0  72.3, 89
335 224.0  72.3, 89
336 224.0  72.3, 89
337 225.0  72.6, 90
338 225.0  72.6, 90
339 225.0  72.6, 90
340 226.0  72.9, 90
341 226.0  72.9, 90
342 226.0  72.9, 90
343 227.0  73.2, 90
344 227.0  73.2, 90
345 227.0  73.2, 90
346 228.0  73.6, 91
347 228.0  73.6, 91
348 229.0  73.9, 91
349 229.0  73.9, 91
350 229.0  73.9, 91
351 230.0  74.2, 92
352 230.0  74.2, 92
353 230.0  74.2, 92
354 231.0  74.5, 92
355 231.0  74.5, 92
356 231.0  74.5, 92
357 232.0  74.8, 92
358 232.0  74.8, 92
359 232.0  74.8, 92
360 233.0  75.1, 93
361 233.0  75.1, 93
362 233.0  75.1, 93
363 234.0  75.5, 93
364 234.0  75.5, 93
365 234.0  75.5, 93
366 235.0  75.8, 94
367 235.0  75.8, 94
368 236.0  76.1, 94
369 236.0  76.1, 94
370 236.0  76.1, 94
371 237.0  76.4, 94
372 237.0  76.4, 94
373 237.0  76.4, 94
374 238.0  76.7, 95
375 238.0  76.7, 95
376 238.0  76.7, 95
377 239.0  77.0, 95
378 239.0  77.0, 95
379 239.0  77.0, 95
380 240.0  77.3, 96
381 240.0  77.3, 96
382 240.0  77.3, 96
383 241.0  77.7, 96
384 241.0  77.7, 96
385 241.0  77.7, 96
386 242.0  78.0, 96
387 242.0  78.0, 96
388 242.0  78.0, 96
389 243.0  78.3, 97
390 243.0  78.3, 97
391 243.0  78.3, 97
392 244.0  78.6, 97
393 244.0  78.6, 97
394 245.0  78.9, 97
395 245.0  78.9, 97
396 245.0  78.9, 97
397 246.0  79.2, 98
398 246.0  79.2, 98
399 246.0  79.2, 98
400 247.0  79.5, 98
401 247.0  79.5, 98
402 247.0  79.5, 98
403 248.0  79.9, 99
404 248.0  79.9, 99
405 248.0  79.9, 99
406 249.0  80.2, 99
407 249.0  80.2, 99
408 249.0  80.2, 99
409 250.0  80.5, 99
410 250.0  80.5, 99
411 250.0  80.5, 99
412 251.0  80.8, 100
413 251.0  80.8, 100
414 251.0  80.8, 100
415 252.0  81.1, 100
416 252.0  81.1, 100
417 252.0  81.1, 100
418 253.0  81.4, 101
419 253.0  81.4, 101
420 253.0  81.4, 101
421 254.0  81.7, 101
422 254.0  81.7, 101
423 254.0  81.7, 101
424 255.0  82.1, 101
425 255.0  82.1, 101
426 256.0  82.4, 102
427 256.0  82.4, 102
428 256.0  82.4, 102
429 257.0  82.7, 102
430 257.0  82.7, 102
431 257.0  82.7, 102
432 258.0  83.0, 103
433 258.0  83.0, 103
434 258.0  83.0, 103
435 259.0  83.3, 103
436 259.0  83.3, 103
437 259.0  83.3, 103
438 260.0  83.6, 103
439 260.0  83.6, 103
440 260.0  83.6, 103
441 261.0  83.9, 104
442 261.0  83.9, 104
443 261.0  83.9, 104
444 262.0  84.3, 104
445 262.0  84.3, 104
446 262.0  84.3, 104
447 263.0  84.6, 104
448 263.0  84.6, 104
449 263.0  84.6, 104
450 264.0  84.9, 105
451 264.0  84.9, 105
452 264.0  84.9, 105
453 265.0  85.2, 105
454 265.0  85.2, 105
455 265.0  85.2, 105
456 266.0  85.5, 106
457 266.0  85.5, 106
458 266.0  85.5, 106
459 267.0  85.8, 106
460 267.0  85.8, 106
461 267.0  85.8, 106
462 268.0  86.1, 106
463 268.0  86.1, 106
464 268.0  86.1, 106
465 269.0  86.4, 107
466 269.0  86.4, 107
467 269.0  86.4, 107
468 270.0  86.8, 107
469 270.0  86.8, 107
470 270.0  86.8, 107
471 271.0  87.1, 108
472 271.0  87.1, 108
473 271.0  87.1, 108
474 272.0  87.4, 108
475 272.0  87.4, 108
476 272.0  87.4, 108
477 273.0  87.7, 108
478 273.0  87.7, 108
479 273.0  87.7, 108
480 274.0  88.0, 109
481 274.0  88.0, 109
482 274.0  88.0, 109
483 275.0  88.3, 109
484 275.0  88.3, 109
485 275.0  88.3, 109
486 276.0  88.6, 110
487 276.0  88.6, 110
488 276.0  88.6, 110
489 277.0  88.9, 110
490 277.0  88.9, 110
491 277.0  88.9, 110
492 278.0  89.3, 110
493 278.0  89.3, 110
494 278.0  89.3, 110
495 279.0  89.6, 111
496 279.0  89.6, 111
497 279.0  89.6, 111
498 280.0  89.9, 111
499 280.0  89.9, 111
500 280.0  89.9, 111
501 281.0  90.2, 111
502 281.0  90.2, 111
503 281.0  90.2, 111
504 282.0  90.5, 112
505 282.0  90.5, 112
506 282.0  90.5, 112
507 283.0  90.8, 112
508 283.0  90.8, 112
509 283.0  90.8, 112
510 284.0  91.1, 113
511 284.0  91.1, 113
512 284.0  91.1, 113
513 285.0  91.4, 113
514 285.0  91.4, 113
515 285.0  91.4, 113
516 286.0  91.8, 113
517 286.0  91.8, 113
518 286.0  91.8, 113
519 287.0  92.1, 114
520 287.0  92.1, 114
521 287.0  92.1, 114
522 288.0  92.4, 114
523 288.0  92.4, 114
524 288.0  92.4, 114
525 289.0  92.7, 115
526 289.0  92.7, 115
527 289.0  92.7, 115
528 290.0  93.0, 115
529 290.0  93.0, 115
530 290.0  93.0, 115
531 291.0  93.3, 115
532 291.0  93.3, 115
533 291.0  93.3, 115
534 292.0  93.6, 116
535 292.0  93.6, 116
536 292.0  93.6, 116
537 293.0  93.9, 116
538 293.0  93.9, 116
539 293.0  93.9, 116
540 294.0  94.2, 116
541 294.0  94.2, 116
542 294.0  94.2, 116
543 295.0  94.6, 117
544 295.0  94.6, 117
545 295.0  94.6, 117
546 296.0  94.9, 117
547 296.0  94.9, 117
548 296.0  94.9, 117
549 297.0  95.2, 118
550 297.0  95.2, 118
551 297.0  95.2, 118
552 298.0  95.5, 118
553 298.0  95.5, 118
554 298.0  95.5, 118
555 299.0  95.8, 118
556 299.0  95.8, 118
557 299.0  95.8, 118
558 300.0  96.1, 119
559 300.0  96.1, 119
560 300.0  96.1, 119
561 301.0  96.4, 119
562 301.0  96.4, 119
563 301.0  96.4, 119
564 302.0  96.7, 120
565 302.0  96.7, 120
566 302.0  96.7, 120
567 303.0  97.0, 120
568 303.0  97.0, 120
569 303.0  97.0, 120
570 304.0  97.4, 120
571 304.0  97.4, 120
572 304.0  97.4, 120
573 304.0  97.4, 120
574 305.0  97.7, 121
575 305.0  97.7, 121
576 305.0  97.7, 121
577 306.0  98.0, 121
578 306.0  98.0, 121
579 306.0  98.0, 121
580 307.0  98.3, 122
581 307.0  98.3, 122
582 307.0  98.3, 122
583 308.0  98.6, 122
584 308.0  98.6, 122
585 308.0  98.6, 122
586 309.0  98.9, 122
587 309.0  98.9, 122
588 309.0  98.9, 122
589 310.0  99.2, 123
590 310.0  99.2, 123
591 310.0  99.2, 123
592 311.0  99.5, 123
593 311.0  99.5, 123
594 311.0  99.5, 123
595 312.0  99.8, 123
596 312.0  99.8, 123
597 312.0  99.8, 123
598 313.0  100.2, 124
599 313.0  100.2, 124
